100
0
20 62 1972 27 1915 98 1897 26 1835 41 1541 17 1453 49 1225 25 1101 37 985 34 838 55 773 66 483 43 337 2 237 88 218 61 97 63 93 74 52 1 35 95 26 
1
20 63 773 6 645 88 524 96 387 43 317 51 284 66 237 94 185 37 171 34 165 25 148 98 81 7 73 27 69 41 55 49 55 97 54 62 50 26 45 17 40 
2
20 55 3083 61 2709 17 2506 74 2179 69 2156 62 2005 26 1858 95 1674 98 1452 41 1340 49 1196 14 1192 25 1106 37 971 46 887 34 789 66 560 27 539 93 493 43 427 
3
20 70 2208 32 2065 79 1499 68 1161 31 1064 20 1017 47 914 23 794 8 583 4 568 57 450 84 445 91 444 75 350 64 295 99 266 9 242 15 211 56 210 29 185 
4
20 47 740 79 668 32 630 70 598 3 568 15 372 8 362 9 297 57 275 68 272 64 254 31 247 20 245 23 183 75 173 91 113 56 90 84 67 33 28 89 18 
5
20 30 727 40 631 86 626 35 621 76 477 77 393 19 322 90 320 58 310 85 275 10 171 21 145 89 69 44 46 60 38 75 30 67 27 82 24 33 22 97 17 
6
20 1 645 96 451 63 446 51 335 94 231 88 218 43 100 7 89 66 65 97 56 34 39 37 36 25 32 67 31 98 21 27 18 12 17 0 14 17 14 62 14 
7
20 97 670 67 522 94 408 80 169 21 166 82 151 85 137 96 136 12 128 44 118 6 89 19 86 58 84 76 80 90 74 1 73 51 70 35 45 30 40 63 29 
8
20 57 1262 64 953 75 725 32 668 79 657 9 650 70 626 3 583 47 556 56 450 15 433 4 362 31 335 20 313 68 287 23 250 89 162 10 138 91 134 60 131 
9
20 64 863 57 780 15 666 8 650 4 297 75 283 32 258 70 248 3 242 79 233 56 207 47 194 20 162 31 152 23 115 89 99 68 95 10 81 60 75 33 55 
10
20 77 594 89 540 86 358 60 352 75 267 33 186 5 171 56 143 8 138 57 134 64 116 40 81 9 81 30 73 15 61 35 57 76 48 19 35 90 35 85 28 
11
20 81 2496 92 2477 36 2128 78 2036 13 1919 53 1653 38 1558 93 1171 54 1033 83 807 46 788 28 737 18 682 14 499 73 437 87 413 65 408 50 358 52 339 45 334 
12
20 80 1195 21 969 85 907 19 844 44 827 90 792 82 647 58 636 67 411 76 247 97 209 7 128 94 106 35 46 96 28 51 26 6 17 1 10 30 6 63 2 
13
20 36 2461 53 2265 81 2237 11 1919 92 1648 78 1348 54 1232 38 1083 83 1029 18 972 28 854 93 803 73 596 50 573 87 566 46 561 65 550 52 472 45 427 48 397 
14
20 95 2573 46 2555 74 1943 93 1894 38 1359 61 1310 2 1192 78 938 69 913 55 871 26 726 92 642 17 618 62 594 41 561 11 499 49 481 25 421 81 405 37 364 
15
20 9 666 64 574 57 506 8 433 4 372 32 229 47 227 79 224 70 223 3 211 75 154 20 122 56 114 31 108 23 92 68 88 89 72 10 61 60 47 77 35 
16
20 50 958 52 687 65 653 48 569 39 553 87 480 28 446 73 419 54 359 24 331 18 331 59 257 72 227 71 221 53 221 45 219 83 193 13 182 22 177 42 165 
17
20 55 3321 62 3321 26 2831 98 2755 69 2622 2 2506 41 1967 61 1778 49 1766 25 1627 27 1464 0 1453 37 1436 74 1309 34 1177 95 913 66 754 14 618 43 527 46 461 
18
20 73 1353 53 1254 54 1019 13 972 52 928 36 898 81 776 50 738 11 682 28 673 92 570 59 507 65 447 78 429 39 368 45 367 87 344 38 343 16 331 24 296 
19
20 58 1649 90 1592 85 1459 76 1222 21 1161 80 915 44 908 12 844 35 827 82 710 30 693 67 387 40 351 5 322 86 203 97 163 77 104 7 86 94 36 10 35 
20
20 23 2845 31 2678 68 1755 91 1368 84 1097 3 1017 99 830 70 810 32 749 29 729 22 648 79 602 71 520 72 473 42 423 47 413 59 400 8 313 45 297 57 285 
21
20 85 1878 44 1519 80 1359 90 1293 19 1161 82 1127 12 969 58 816 67 667 76 590 35 380 97 362 30 289 7 166 5 145 40 142 86 94 94 67 77 62 10 25 
22
20 29 2382 71 2179 99 2137 72 1788 84 1710 42 1396 59 1133 45 1002 91 985 68 922 23 809 20 648 39 612 24 534 31 487 50 426 87 205 16 177 3 150 65 123 
23
20 20 2845 31 2377 91 1832 68 1746 84 1405 99 1059 29 910 22 809 3 794 70 650 32 613 71 610 42 595 72 533 59 506 79 491 45 440 47 335 8 250 57 221 
24
20 39 1261 87 1240 59 935 45 927 50 867 65 799 42 774 72 680 71 593 22 534 28 481 29 463 53 424 48 408 99 402 13 392 54 378 16 331 36 315 84 311 
25
20 37 3791 49 3406 34 3059 41 2861 26 2684 98 2656 62 2171 66 1960 27 1954 17 1627 43 1455 55 1367 69 1358 2 1106 0 1101 88 932 61 877 74 695 95 559 63 453 
26
20 62 4046 98 3962 41 3358 49 3090 69 3081 17 2831 25 2684 27 2507 55 2350 37 2316 2 1858 0 1835 34 1833 61 1377 74 1191 66 1038 95 960 14 726 43 675 46 568 
27
20 41 2526 26 2507 98 2495 62 2179 49 1989 25 1954 0 1915 37 1738 34 1473 17 1464 69 1239 55 963 66 916 43 675 2 539 88 419 61 324 63 195 74 177 95 126 
28
20 54 1434 53 936 65 872 13 854 48 842 36 784 81 777 87 761 11 737 50 734 73 715 92 676 18 673 78 603 38 529 24 481 45 456 93 450 16 446 39 406 
29
20 99 2537 22 2382 84 2012 71 1905 72 1596 42 1331 91 1101 59 1061 68 1052 45 960 23 910 20 729 39 545 31 533 24 463 50 378 3 185 16 149 87 149 70 103 
30
20 35 1377 76 1117 40 787 58 748 5 727 19 693 90 615 85 516 86 444 21 289 77 236 44 158 82 113 67 107 97 74 10 73 7 40 80 34 89 15 94 9 
31
20 20 2678 23 2377 68 1434 91 1080 3 1064 70 866 84 825 32 793 79 630 99 603 29 533 22 487 47 426 71 382 72 339 8 335 59 287 57 286 42 286 4 247 
32
20 70 2252 3 2065 79 1751 47 1071 68 825 31 793 20 749 8 668 4 630 23 613 57 509 75 375 91 363 64 341 84 268 9 258 15 229 56 214 99 131 29 84 
33
20 75 311 60 282 89 254 56 238 10 186 8 121 77 121 57 106 32 82 64 80 3 72 86 70 79 69 70 66 9 55 31 35 47 34 68 32 20 31 15 29 
34
20 37 3438 25 3059 49 2419 66 2290 41 1956 98 1905 26 1833 43 1678 62 1527 27 1473 17 1177 88 1080 55 982 69 840 0 838 2 789 61 602 63 527 74 461 95 354 
35
20 30 1377 76 1329 58 923 19 827 90 722 40 709 85 626 5 621 21 380 86 363 44 235 77 186 82 186 67 156 97 102 80 98 10 57 12 46 7 45 94 14 
36
20 13 2461 81 2445 11 2128 53 2024 92 1779 78 1417 38 1133 54 1128 83 1022 18 898 93 850 28 784 46 580 73 571 50 502 87 492 65 483 52 449 45 385 48 359 
37
20 25 3791 34 3438 49 3019 41 2447 98 2347 26 2316 66 2167 62 1883 27 1738 43 1616 17 1436 55 1213 69 1121 88 1025 0 985 2 971 61 761 74 596 63 490 95 483 
38
20 93 2585 78 2504 92 1953 46 1904 11 1558 14 1359 81 1332 36 1133 13 1083 53 980 95 910 54 660 74 590 28 529 83 440 61 377 18 343 87 315 2 297 69 295 
39
20 50 1355 24 1261 87 1210 59 879 65 856 72 674 71 653 45 627 22 612 16 553 29 545 42 540 99 519 84 441 52 407 28 406 48 390 53 387 18 368 13 354 
40
20 30 787 35 709 5 631 76 497 86 432 58 359 19 351 90 321 85 264 77 226 21 142 10 81 44 68 82 44 67 39 97 39 7 28 89 22 94 8 80 3 
41
20 26 3358 49 3043 98 2964 25 2861 62 2659 27 2526 37 2447 69 2072 17 1967 34 1956 55 1654 0 1541 2 1340 66 1209 61 1052 74 867 43 830 95 729 14 561 88 483 
42
20 45 2063 59 1700 22 1396 29 1331 71 1308 72 1282 99 1204 84 1006 91 803 24 774 23 595 87 574 39 540 68 448 65 443 50 423 20 423 28 359 54 349 83 314 
43
20 66 2154 88 1733 34 1678 37 1616 25 1455 49 922 98 868 41 830 63 806 27 675 26 675 62 617 17 527 55 446 2 427 61 353 74 341 0 337 1 317 95 310 
44
20 21 1519 85 1334 82 1175 80 1035 90 936 19 908 12 827 67 671 58 596 76 357 97 335 35 235 30 158 7 118 40 68 5 46 86 35 94 31 77 20 10 8 
45
20 42 2063 59 1959 22 1002 29 960 24 927 71 902 72 900 99 851 87 703 84 692 39 627 91 607 65 528 50 515 53 490 28 456 54 453 83 450 23 440 13 427 
46
20 14 2555 93 2456 95 2018 38 1904 74 1466 78 1357 61 1010 92 976 2 887 11 788 69 705 81 666 55 628 36 580 26 568 13 561 53 517 17 461 41 443 62 440 
47
20 79 1127 32 1071 70 1001 3 914 4 740 8 556 68 456 31 426 20 413 57 377 23 335 75 291 64 258 15 227 91 199 9 194 56 124 84 114 33 34 99 26 
48
20 65 911 28 842 87 711 54 629 50 623 16 569 24 408 52 405 13 397 53 391 39 390 81 365 36 359 11 326 45 304 92 297 73 288 78 264 18 249 59 231 
49
20 25 3406 26 3090 41 3043 37 3019 98 2879 34 2419 62 2407 27 1989 17 1766 69 1639 55 1498 66 1405 0 1225 2 1196 61 942 43 922 74 754 95 625 88 560 14 481 
50
20 39 1355 87 1170 16 958 24 867 52 843 59 754 18 738 28 734 54 689 73 639 53 627 48 623 13 573 45 515 36 502 71 472 72 469 81 438 83 433 22 426 
51
20 6 335 96 327 1 284 94 236 63 187 88 71 7 70 97 28 12 26 80 23 67 22 43 14 35 1 89 0 99 0 98 0 92 0 91 0 90 0 93 0 
52
20 73 1138 18 928 50 843 54 739 16 687 53 561 83 554 65 485 13 472 36 449 39 407 48 405 81 399 87 356 11 339 59 289 92 277 24 270 72 219 78 211 
53
20 13 2265 36 2024 81 1844 11 1653 92 1422 54 1370 18 1254 78 1203 83 1156 38 980 28 936 73 778 93 735 50 627 87 580 52 561 65 559 46 517 45 490 59 425 
54
20 28 1434 53 1370 13 1232 36 1128 81 1121 11 1033 18 1019 92 920 78 793 52 739 50 689 65 681 38 660 83 640 48 629 87 625 93 556 45 453 46 393 24 378 
55
20 17 3321 2 3083 62 2691 69 2534 26 2350 61 2228 98 2090 74 1729 41 1654 49 1498 25 1367 95 1251 37 1213 34 982 27 963 14 871 0 773 66 646 46 628 43 446 
56
20 75 645 8 450 57 382 64 301 60 253 33 238 89 217 32 214 3 210 9 207 70 199 79 192 10 143 47 124 31 117 15 114 20 106 68 105 4 90 23 85 
57
20 8 1262 64 1096 9 780 75 605 32 509 15 506 79 494 70 479 3 450 56 382 47 377 31 286 20 285 4 275 23 221 68 205 89 155 10 134 60 110 91 107 
58
20 19 1649 76 1353 90 1180 85 1068 35 923 21 816 30 748 12 636 80 634 44 596 82 501 40 359 5 310 67 287 86 192 97 155 77 96 7 84 94 40 10 28 
59
20 45 1959 42 1700 22 1133 71 1070 29 1061 72 1032 99 967 24 935 39 879 84 841 50 754 87 608 83 585 91 573 18 507 23 506 68 479 65 438 53 425 20 400 
60
20 89 463 75 381 10 352 33 282 56 253 77 226 8 131 57 110 86 102 64 85 9 75 15 47 5 38 31 19 20 17 23 13 3 11 70 10 32 9 68 6 
61
20 2 2709 74 2448 55 2228 95 1832 17 1778 69 1713 62 1450 26 1377 14 1310 41 1052 98 1052 46 1010 49 942 25 877 37 761 34 602 93 595 66 475 38 377 43 353 
62
20 26 4046 98 3551 17 3321 69 3224 55 2691 41 2659 49 2407 27 2179 25 2171 2 2005 0 1972 37 1883 34 1527 61 1450 74 1174 66 888 95 875 43 617 14 594 46 440 
63
20 88 1017 43 806 1 773 66 705 34 527 37 490 25 453 6 446 49 252 96 241 98 240 41 225 27 195 26 194 51 187 62 168 17 140 2 125 74 124 55 114 
64
20 57 1096 8 953 9 863 15 574 75 410 32 341 70 331 79 321 56 301 3 295 47 258 4 254 20 199 31 191 23 146 68 137 89 129 10 116 60 85 33 80 
65
20 87 1479 48 911 28 872 39 856 24 799 54 681 16 653 53 559 13 550 45 528 52 485 36 483 81 474 18 447 42 443 59 438 11 408 92 379 73 373 78 339 
66
20 34 2290 37 2167 43 2154 25 1960 88 1577 49 1405 41 1209 98 1168 26 1038 27 916 62 888 17 754 63 705 55 646 2 560 0 483 61 475 74 425 69 403 95 358 
67
20 97 793 82 759 44 671 21 667 85 543 80 526 7 522 12 411 19 387 90 382 58 287 76 224 94 200 35 156 30 107 96 43 40 39 1 32 6 31 5 27 
68
20 20 1755 23 1746 84 1666 31 1434 99 1263 91 1181 3 1161 29 1052 22 922 70 922 32 825 71 777 72 718 79 671 59 479 47 456 42 448 45 293 8 287 39 275 
69
20 62 3224 26 3081 17 2622 55 2534 98 2466 2 2156 41 2072 61 1713 49 1639 74 1536 25 1358 95 1244 27 1239 37 1121 14 913 34 840 46 705 93 459 66 403 38 295 
70
20 32 2252 3 2208 79 1704 47 1001 68 922 31 866 20 810 23 650 8 626 4 598 57 479 91 393 75 368 64 331 84 309 9 248 15 223 56 199 99 160 29 103 
71
20 22 2179 72 2083 29 1905 99 1691 84 1393 42 1308 59 1070 45 902 68 777 91 738 39 653 23 610 24 593 20 520 50 472 31 382 87 239 16 221 52 174 65 172 
72
20 71 2083 22 1788 29 1596 99 1462 42 1282 84 1221 59 1032 45 900 68 718 24 680 39 674 91 593 23 533 20 473 50 469 31 339 87 276 16 227 52 219 28 197 
73
20 18 1353 52 1138 53 778 83 746 28 715 50 639 13 596 36 571 81 511 11 437 16 419 65 373 92 369 39 305 59 295 78 291 48 288 87 273 38 213 24 195 
74
20 95 2549 61 2448 2 2179 14 1943 55 1729 69 1536 46 1466 17 1309 26 1191 62 1174 93 929 41 867 49 754 98 733 25 695 37 596 38 590 34 461 66 425 43 341 
75
20 8 725 56 645 57 605 64 410 60 381 32 375 70 368 79 357 3 350 89 341 33 311 47 291 9 283 10 267 68 181 31 175 4 173 20 166 77 165 15 154 
76
20 58 1353 35 1329 19 1222 30 1117 90 976 85 870 21 590 40 497 5 477 44 357 80 305 82 297 86 289 12 247 67 224 77 153 97 144 7 80 10 48 94 34 
77
20 10 594 86 585 89 401 5 393 30 236 60 226 40 226 35 186 75 165 76 153 33 121 90 108 19 104 58 96 85 94 8 81 56 79 57 78 64 69 21 62 
78
20 38 2504 92 2439 11 2036 93 1996 81 1707 36 1417 46 1357 13 1348 53 1203 14 938 54 793 28 603 95 574 83 552 18 429 87 362 65 339 74 315 73 291 45 265 
79
20 32 1751 70 1704 3 1499 47 1127 68 671 4 668 8 657 31 630 20 602 57 494 23 491 75 357 64 321 91 298 9 233 15 224 56 192 84 190 99 79 33 69 
80
20 21 1359 85 1289 12 1195 44 1035 90 948 19 915 82 847 58 634 67 526 76 305 97 266 7 169 94 126 35 98 30 34 96 26 51 23 6 9 1 3 40 3 
81
20 11 2496 36 2445 13 2237 92 2156 53 1844 78 1707 38 1332 54 1121 93 995 83 941 28 777 18 776 46 666 73 511 87 483 65 474 50 438 14 405 52 399 48 365 
82
20 44 1175 21 1127 85 920 80 847 67 759 19 710 90 657 12 647 58 501 97 396 76 297 35 186 7 151 30 113 94 45 40 44 5 24 86 16 77 7 10 2 
83
20 53 1156 13 1029 36 1022 81 941 11 807 73 746 92 676 54 640 59 585 52 554 78 552 45 450 38 440 50 433 28 377 42 314 93 302 39 231 65 221 46 203 
84
20 99 2421 29 2012 22 1710 68 1666 91 1499 23 1405 71 1393 72 1221 20 1097 42 1006 59 841 31 825 45 692 3 445 39 441 24 311 70 309 50 298 32 268 79 190 
85
20 21 1878 90 1773 19 1459 44 1334 80 1289 58 1068 82 920 12 907 76 870 35 626 67 543 30 516 97 288 5 275 40 264 86 172 7 137 77 94 94 57 10 28 
86
20 5 626 77 585 30 444 40 432 35 363 10 358 76 289 19 203 90 203 89 194 58 192 85 172 60 102 21 94 75 78 33 70 44 35 8 30 57 27 64 24 
87
20 65 1479 24 1240 39 1210 50 1170 28 761 48 711 45 703 54 625 59 608 53 580 42 574 13 566 36 492 81 483 16 480 11 413 92 401 78 362 52 356 18 344 
88
20 43 1733 66 1577 34 1080 37 1025 63 1017 25 932 49 560 1 524 98 516 41 483 27 419 26 405 62 376 17 316 55 271 2 260 74 242 61 227 6 218 0 218 
89
20 10 540 60 463 77 401 75 341 33 254 56 217 86 194 8 162 57 155 64 129 9 99 15 72 5 69 20 31 3 30 31 29 32 27 70 26 23 26 40 22 
90
20 85 1773 19 1592 21 1293 58 1180 76 976 80 948 44 936 12 792 35 722 82 657 30 615 67 382 40 321 5 320 86 203 97 183 77 108 7 74 10 35 94 30 
91
20 23 1832 84 1499 20 1368 99 1257 68 1181 29 1101 31 1080 22 985 42 803 71 738 45 607 72 593 59 573 3 444 70 393 32 363 79 298 24 207 47 199 39 142 
92
20 11 2477 78 2439 81 2156 38 1953 36 1779 13 1648 93 1442 53 1422 46 976 54 920 28 676 83 676 14 642 18 570 87 401 65 379 73 369 95 361 45 305 50 303 
93
20 38 2585 46 2456 78 1996 14 1894 92 1442 95 1311 11 1171 81 995 74 929 36 850 13 803 53 735 61 595 54 556 2 493 69 459 28 450 26 343 55 339 83 302 
94
20 7 408 96 305 97 303 51 236 6 231 67 200 1 185 80 126 63 106 12 106 21 67 85 57 82 45 58 40 88 39 19 36 76 34 44 31 90 30 35 14 
95
20 14 2573 74 2549 46 2018 61 1832 2 1674 93 1311 55 1251 69 1244 26 960 17 913 38 910 62 875 41 729 49 625 78 574 25 559 98 508 37 483 92 361 66 358 
96
20 6 451 1 387 51 327 94 305 63 241 7 136 88 93 97 80 67 43 12 28 80 26 43 17 58 2 66 2 82 1 76 1 85 1 19 1 35 1 44 1 
97
20 67 793 7 670 82 396 21 362 44 335 94 303 85 288 80 266 12 209 90 183 19 163 58 155 76 144 35 102 96 80 30 74 6 56 1 54 40 39 51 28 
98
20 26 3962 62 3551 41 2964 49 2879 17 2755 25 2656 27 2495 69 2466 37 2347 55 2090 34 1905 0 1897 2 1452 66 1168 61 1052 43 868 74 733 88 516 95 508 14 342 
99
20 29 2537 84 2421 22 2137 71 1691 72 1462 68 1263 91 1257 42 1204 23 1059 59 967 45 851 20 830 31 603 39 519 24 402 50 353 3 266 70 160 16 151 32 131 
