19
0
18 1 3212 3 3095 2 2722 5 2386 4 2052 7 1975 16 1858 8 1451 12 1259 10 1253 11 1192 6 1126 17 1122 18 1096 13 924 9 718 14 478 15 296 
1
18 3 4081 2 3578 0 3212 5 3101 4 2620 16 2532 7 2529 8 1927 10 1586 12 1575 6 1559 17 1541 11 1508 18 1414 13 1126 9 982 14 541 15 335 
2
18 3 4938 5 4855 7 3936 8 3680 16 3602 1 3578 4 3556 17 3031 6 3012 0 2722 12 2513 10 2489 11 2420 9 2083 18 2052 13 1804 14 778 15 488 
3
18 2 4938 1 4081 5 4061 16 3349 7 3232 4 3170 0 3095 8 2775 17 2260 6 2253 12 2037 10 2034 11 1920 18 1767 9 1512 13 1411 14 652 15 400 
4
18 5 4258 7 3652 2 3556 3 3170 8 2840 1 2620 10 2242 0 2052 18 1942 12 1853 11 1611 9 1554 13 987 14 287 15 149 16 0 17 0 4 0 
5
18 7 5622 8 4976 2 4855 4 4258 3 4061 17 3678 6 3662 16 3651 10 3507 12 3500 11 3356 1 3101 9 3098 18 2939 0 2386 13 2385 14 1020 15 622 
6
18 5 3662 9 3580 8 3345 7 3272 2 3012 10 2622 12 2446 11 2321 3 2253 18 1950 13 1867 1 1559 0 1126 14 831 15 508 16 0 17 0 4 0 
7
18 5 5622 8 4923 12 3981 2 3936 10 3784 4 3652 11 3533 17 3323 18 3320 6 3272 3 3232 9 3093 16 2899 1 2529 13 2455 0 1975 14 967 15 553 
8
18 5 4976 7 4923 2 3680 12 3485 17 3379 6 3345 11 3308 10 3234 9 3140 4 2840 18 2782 3 2775 13 2435 16 2275 1 1927 0 1451 14 1097 15 683 
9
18 17 3597 6 3580 8 3140 5 3098 7 3093 10 2907 12 2544 11 2522 18 2097 2 2083 13 1990 4 1554 3 1512 16 1070 1 982 14 930 0 718 15 564 
10
18 7 3784 5 3507 12 3267 8 3234 11 3041 9 2907 18 2671 17 2630 6 2622 2 2489 4 2242 13 2137 3 2034 16 1640 1 1586 0 1253 14 838 15 488 
11
18 12 4038 13 3575 7 3533 5 3356 8 3308 10 3041 18 2661 9 2522 2 2420 17 2359 6 2321 3 1920 14 1717 4 1611 1 1508 0 1192 16 1118 15 1108 
12
18 11 4038 7 3981 5 3500 8 3485 10 3267 13 2952 9 2544 2 2513 17 2458 6 2446 3 2037 4 1853 1 1575 16 1313 0 1259 14 1108 15 663 18 0 
13
18 11 3575 12 2952 7 2455 8 2435 5 2385 10 2137 14 2060 9 1990 18 1970 6 1867 17 1866 2 1804 15 1424 3 1411 1 1126 4 987 0 924 16 620 
14
18 13 2060 11 1717 15 1528 12 1108 8 1097 5 1020 7 967 9 930 10 838 17 837 6 831 18 819 2 778 3 652 1 541 0 478 4 287 16 154 
15
18 14 1528 13 1424 11 1108 8 683 12 663 5 622 9 564 7 553 6 508 17 504 18 499 2 488 10 488 3 400 1 335 0 296 4 149 16 71 
16
18 5 3651 2 3602 3 3349 7 2899 1 2532 8 2275 0 1858 18 1807 10 1640 12 1313 11 1118 9 1070 13 620 14 154 15 71 16 0 17 0 4 0 
17
18 5 3678 9 3597 8 3379 7 3323 2 3031 10 2630 12 2458 11 2359 3 2260 18 1957 13 1866 1 1541 0 1122 14 837 15 504 16 0 17 0 4 0 
18
18 7 3320 5 2939 8 2782 10 2671 11 2661 9 2097 2 2052 13 1970 17 1957 6 1950 4 1942 16 1807 3 1767 1 1414 0 1096 14 819 15 499 18 0 
